"nm"	"Ch"	"Go"	"Illy"	"Mi"	"Ox"	"Ve"
220	1.392	1.543	1.619	1.105	1.8	0.715
220.5	1.355	1.5	1.578	1.08	1.748	0.703
221	1.319	1.458	1.539	1.057	1.698	0.6909999999999999
221.5	1.285	1.417	1.502	1.034	1.65	0.681
222	1.254	1.377	1.468	1.013	1.604	0.671
222.5	1.225	1.341	1.435	0.993	1.56	0.66
223	1.196	1.307	1.405	0.973	1.52	0.65
223.5	1.169	1.276	1.377	0.955	1.483	0.64
224	1.144	1.246	1.35	0.9379999999999999	1.449	0.632
224.5	1.119	1.217	1.323	0.921	1.416	0.622
225	1.095	1.189	1.297	0.905	1.385	0.612
225.5	1.073	1.163	1.272	0.89	1.357	0.603
226	1.053	1.14	1.25	0.876	1.332	0.595
226.5	1.035	1.119	1.23	0.863	1.31	0.588
227	1.018	1.099	1.21	0.85	1.29	0.582
227.5	1.003	1.081	1.192	0.839	1.271	0.576
228	0.988	1.063	1.175	0.828	1.254	0.571
228.5	0.975	1.046	1.158	0.8169999999999999	1.237	0.5649999999999999
229	0.962	1.03	1.142	0.8080000000000001	1.221	0.5580000000000001
229.5	0.95	1.014	1.127	0.798	1.205	0.553
230	0.9379999999999999	0.999	1.113	0.788	1.191	0.548
230.5	0.926	0.984	1.098	0.779	1.177	0.543
231	0.914	0.969	1.084	0.769	1.164	0.539
231.5	0.903	0.955	1.07	0.76	1.151	0.535
232	0.892	0.9409999999999999	1.055	0.751	1.138	0.53
232.5	0.882	0.928	1.041	0.741	1.125	0.525
233	0.871	0.914	1.027	0.732	1.112	0.52
233.5	0.861	0.902	1.014	0.723	1.098	0.517
234	0.851	0.889	1.001	0.715	1.085	0.513
234.5	0.841	0.877	0.989	0.706	1.072	0.508
235	0.832	0.865	0.977	0.697	1.059	0.504
235.5	0.823	0.854	0.965	0.6889999999999999	1.047	0.499
236	0.8149999999999999	0.843	0.954	0.681	1.035	0.494
236.5	0.8070000000000001	0.832	0.9429999999999999	0.674	1.024	0.49
237	0.799	0.822	0.9330000000000001	0.666	1.013	0.488
237.5	0.791	0.8129999999999999	0.923	0.659	1.002	0.486
238	0.784	0.804	0.914	0.653	0.992	0.482
238.5	0.776	0.796	0.905	0.646	0.982	0.479
239	0.77	0.789	0.898	0.64	0.973	0.476
239.5	0.764	0.782	0.89	0.635	0.965	0.474
240	0.758	0.775	0.884	0.63	0.956	0.471
240.5	0.753	0.769	0.877	0.626	0.948	0.469
241	0.748	0.763	0.871	0.621	0.9409999999999999	0.467
241.5	0.743	0.757	0.865	0.617	0.9330000000000001	0.465
242	0.738	0.752	0.859	0.613	0.926	0.463
242.5	0.733	0.748	0.855	0.61	0.92	0.461
243	0.729	0.744	0.851	0.607	0.913	0.46
243.5	0.726	0.741	0.847	0.605	0.907	0.459
244	0.722	0.738	0.843	0.602	0.901	0.457
244.5	0.719	0.735	0.84	0.6	0.895	0.455
245	0.716	0.733	0.837	0.599	0.89	0.455
245.5	0.713	0.731	0.834	0.598	0.885	0.454
246	0.71	0.729	0.832	0.598	0.88	0.454
246.5	0.707	0.728	0.83	0.597	0.876	0.453
247	0.705	0.728	0.828	0.597	0.871	0.453
247.5	0.702	0.728	0.827	0.597	0.866	0.452
248	0.7	0.728	0.826	0.597	0.862	0.452
248.5	0.698	0.728	0.826	0.598	0.858	0.452
249	0.696	0.728	0.825	0.599	0.855	0.452
249.5	0.694	0.73	0.825	0.6	0.851	0.451
250	0.6919999999999999	0.731	0.825	0.601	0.848	0.452
250.5	0.6899999999999999	0.733	0.825	0.603	0.844	0.452
251	0.6889999999999999	0.734	0.825	0.604	0.841	0.453
251.5	0.6870000000000001	0.736	0.825	0.605	0.838	0.452
252	0.6860000000000001	0.737	0.825	0.607	0.835	0.452
252.5	0.6850000000000001	0.738	0.826	0.609	0.832	0.453
253	0.6840000000000001	0.739	0.826	0.611	0.83	0.454
253.5	0.6830000000000001	0.741	0.827	0.614	0.828	0.454
254	0.6820000000000001	0.744	0.829	0.616	0.826	0.455
254.5	0.6820000000000001	0.747	0.831	0.619	0.825	0.456
255	0.6820000000000001	0.75	0.834	0.622	0.825	0.457
255.5	0.6820000000000001	0.754	0.837	0.626	0.826	0.459
256	0.6820000000000001	0.757	0.84	0.629	0.827	0.46
256.5	0.6840000000000001	0.762	0.843	0.633	0.828	0.462
257	0.6850000000000001	0.766	0.846	0.636	0.829	0.463
257.5	0.6870000000000001	0.77	0.85	0.64	0.832	0.465
258	0.6889999999999999	0.774	0.853	0.644	0.834	0.468
258.5	0.6899999999999999	0.778	0.857	0.648	0.838	0.471
259	0.6919999999999999	0.782	0.86	0.652	0.842	0.472
259.5	0.6929999999999999	0.786	0.863	0.656	0.847	0.474
260	0.695	0.79	0.866	0.66	0.852	0.477
260.5	0.697	0.795	0.87	0.665	0.858	0.481
261	0.7	0.8	0.875	0.669	0.864	0.485
261.5	0.704	0.806	0.881	0.673	0.871	0.489
262	0.709	0.8129999999999999	0.887	0.678	0.878	0.493
262.5	0.714	0.819	0.893	0.6820000000000001	0.886	0.497
263	0.719	0.826	0.898	0.6870000000000001	0.895	0.501
263.5	0.724	0.833	0.903	0.6909999999999999	0.904	0.504
264	0.728	0.84	0.908	0.694	0.913	0.507
264.5	0.733	0.845	0.913	0.697	0.921	0.511
265	0.736	0.85	0.917	0.698	0.929	0.514
265.5	0.74	0.855	0.921	0.7	0.9360000000000001	0.517
266	0.742	0.858	0.924	0.701	0.9429999999999999	0.521
266.5	0.745	0.861	0.926	0.703	0.951	0.524
267	0.747	0.864	0.929	0.704	0.958	0.526
267.5	0.75	0.867	0.9320000000000001	0.706	0.966	0.53
268	0.754	0.871	0.9350000000000001	0.707	0.975	0.533
268.5	0.758	0.875	0.9379999999999999	0.707	0.983	0.537
269	0.762	0.88	0.9409999999999999	0.709	0.992	0.541
269.5	0.765	0.885	0.944	0.71	1	0.544
270	0.769	0.889	0.947	0.712	1.009	0.546
270.5	0.773	0.892	0.95	0.713	1.018	0.548
271	0.777	0.894	0.951	0.713	1.026	0.553
271.5	0.78	0.896	0.952	0.712	1.033	0.5580000000000001
272	0.783	0.897	0.953	0.71	1.038	0.5600000000000001
272.5	0.786	0.898	0.953	0.706	1.043	0.5610000000000001
273	0.788	0.898	0.952	0.702	1.047	0.5639999999999999
273.5	0.79	0.897	0.951	0.698	1.051	0.5649999999999999
274	0.792	0.897	0.949	0.694	1.054	0.5649999999999999
274.5	0.792	0.896	0.947	0.6889999999999999	1.057	0.5649999999999999
275	0.792	0.894	0.944	0.6850000000000001	1.06	0.5659999999999999
275.5	0.791	0.892	0.9409999999999999	0.68	1.061	0.5679999999999999
276	0.791	0.891	0.9379999999999999	0.675	1.063	0.57
276.5	0.792	0.888	0.9360000000000001	0.67	1.065	0.57
277	0.792	0.885	0.9330000000000001	0.665	1.066	0.572
277.5	0.792	0.881	0.93	0.66	1.067	0.573
278	0.792	0.877	0.926	0.656	1.067	0.572
278.5	0.792	0.873	0.922	0.651	1.067	0.572
279	0.792	0.868	0.918	0.647	1.068	0.572
279.5	0.791	0.863	0.915	0.642	1.068	0.573
280	0.79	0.858	0.91	0.637	1.066	0.574
280.5	0.788	0.852	0.906	0.633	1.064	0.573
281	0.785	0.846	0.9	0.628	1.062	0.573
281.5	0.783	0.839	0.895	0.624	1.059	0.573
282	0.78	0.832	0.889	0.619	1.056	0.571
282.5	0.777	0.824	0.883	0.613	1.054	0.57
283	0.773	0.8159999999999999	0.877	0.608	1.05	0.57
283.5	0.769	0.8070000000000001	0.87	0.602	1.045	0.5679999999999999
284	0.765	0.798	0.862	0.596	1.04	0.5659999999999999
284.5	0.761	0.789	0.855	0.589	1.034	0.5649999999999999
285	0.756	0.779	0.848	0.584	1.028	0.5649999999999999
285.5	0.752	0.77	0.842	0.578	1.021	0.5629999999999999
286	0.746	0.76	0.835	0.574	1.015	0.5580000000000001
286.5	0.741	0.751	0.828	0.569	1.008	0.554
287	0.736	0.741	0.82	0.5629999999999999	1.001	0.553
287.5	0.731	0.73	0.8129999999999999	0.5580000000000001	0.994	0.551
288	0.725	0.719	0.805	0.552	0.986	0.548
288.5	0.72	0.709	0.797	0.547	0.979	0.545
289	0.714	0.699	0.79	0.542	0.971	0.543
289.5	0.709	0.6889999999999999	0.783	0.537	0.964	0.54
290	0.703	0.68	0.776	0.533	0.957	0.535
290.5	0.697	0.671	0.769	0.528	0.95	0.53
291	0.6919999999999999	0.662	0.762	0.525	0.9429999999999999	0.527
291.5	0.6870000000000001	0.653	0.756	0.521	0.9360000000000001	0.526
292	0.6820000000000001	0.645	0.75	0.518	0.929	0.525
292.5	0.677	0.637	0.746	0.514	0.923	0.523
293	0.673	0.63	0.741	0.511	0.917	0.52
293.5	0.668	0.623	0.736	0.507	0.912	0.516
294	0.664	0.616	0.731	0.504	0.908	0.515
294.5	0.66	0.61	0.727	0.502	0.903	0.514
295	0.656	0.605	0.722	0.5	0.897	0.511
295.5	0.652	0.599	0.718	0.499	0.892	0.508
296	0.648	0.593	0.714	0.497	0.888	0.507
296.5	0.644	0.589	0.71	0.495	0.884	0.505
297	0.641	0.584	0.707	0.494	0.88	0.504
297.5	0.638	0.58	0.704	0.493	0.877	0.503
298	0.635	0.576	0.702	0.492	0.874	0.502
298.5	0.632	0.573	0.699	0.492	0.871	0.5
299	0.63	0.57	0.696	0.491	0.868	0.5
299.5	0.627	0.5669999999999999	0.6929999999999999	0.491	0.865	0.499
300	0.624	0.5639999999999999	0.6909999999999999	0.49	0.862	0.498
300.5	0.621	0.5610000000000001	0.6889999999999999	0.489	0.861	0.495
301	0.62	0.5580000000000001	0.6870000000000001	0.488	0.86	0.494
301.5	0.619	0.555	0.6860000000000001	0.488	0.859	0.494
302	0.618	0.553	0.6840000000000001	0.488	0.857	0.493
302.5	0.617	0.552	0.6820000000000001	0.487	0.856	0.491
303	0.616	0.55	0.681	0.487	0.854	0.49
303.5	0.615	0.548	0.681	0.487	0.854	0.49
304	0.614	0.546	0.68	0.488	0.853	0.489
304.5	0.612	0.543	0.679	0.488	0.854	0.49
305	0.61	0.541	0.677	0.488	0.854	0.489
305.5	0.608	0.54	0.676	0.487	0.855	0.487
306	0.607	0.539	0.675	0.486	0.855	0.486
306.5	0.607	0.539	0.674	0.485	0.854	0.488
307	0.607	0.538	0.673	0.485	0.854	0.489
307.5	0.607	0.537	0.672	0.484	0.854	0.489
308	0.607	0.536	0.671	0.484	0.854	0.488
308.5	0.606	0.535	0.671	0.484	0.856	0.488
309	0.605	0.534	0.671	0.483	0.857	0.488
309.5	0.605	0.534	0.67	0.483	0.859	0.489
310	0.605	0.534	0.67	0.483	0.86	0.49
310.5	0.605	0.533	0.67	0.482	0.861	0.489
311	0.606	0.533	0.669	0.481	0.863	0.488
311.5	0.606	0.534	0.669	0.48	0.865	0.487
312	0.607	0.534	0.669	0.48	0.867	0.488
312.5	0.608	0.534	0.669	0.48	0.869	0.489
313	0.61	0.534	0.669	0.481	0.873	0.49
313.5	0.612	0.535	0.669	0.482	0.876	0.491
314	0.613	0.535	0.67	0.482	0.878	0.492
314.5	0.614	0.535	0.67	0.481	0.881	0.496
315	0.614	0.535	0.671	0.481	0.883	0.498
315.5	0.614	0.534	0.671	0.48	0.885	0.496
316	0.614	0.534	0.672	0.481	0.887	0.494
316.5	0.615	0.533	0.671	0.482	0.888	0.496
317	0.617	0.534	0.672	0.484	0.889	0.498
317.5	0.618	0.534	0.672	0.484	0.891	0.497
318	0.619	0.534	0.672	0.485	0.892	0.495
318.5	0.619	0.533	0.672	0.485	0.893	0.496
319	0.618	0.532	0.671	0.486	0.894	0.5
319.5	0.617	0.529	0.671	0.487	0.894	0.503
320	0.617	0.528	0.67	0.488	0.895	0.504
320.5	0.617	0.527	0.67	0.488	0.894	0.502
321	0.616	0.526	0.67	0.488	0.894	0.501
321.5	0.614	0.526	0.671	0.49	0.894	0.502
322	0.612	0.526	0.671	0.493	0.894	0.505
322.5	0.611	0.524	0.671	0.495	0.894	0.506
323	0.609	0.522	0.67	0.496	0.892	0.505
323.5	0.608	0.52	0.668	0.496	0.89	0.503
324	0.607	0.517	0.667	0.496	0.887	0.505
324.5	0.605	0.515	0.665	0.496	0.884	0.504
325	0.604	0.513	0.664	0.498	0.881	0.501
325.5	0.602	0.511	0.664	0.499	0.878	0.502
326	0.6	0.509	0.663	0.499	0.874	0.502
326.5	0.597	0.507	0.662	0.499	0.871	0.5
327	0.593	0.504	0.661	0.5	0.867	0.497
327.5	0.591	0.501	0.659	0.5	0.864	0.496
328	0.589	0.498	0.656	0.5	0.86	0.497
328.5	0.587	0.494	0.654	0.501	0.856	0.497
329	0.583	0.49	0.652	0.502	0.852	0.494
329.5	0.578	0.485	0.65	0.503	0.846	0.494
330	0.572	0.481	0.648	0.504	0.838	0.493
330.5	0.5659999999999999	0.477	0.645	0.505	0.83	0.488
331	0.5610000000000001	0.473	0.641	0.506	0.821	0.485
331.5	0.556	0.469	0.638	0.507	0.8129999999999999	0.486
332	0.551	0.465	0.635	0.508	0.805	0.483
332.5	0.547	0.461	0.632	0.508	0.798	0.479
333	0.542	0.456	0.628	0.508	0.791	0.478
333.5	0.537	0.451	0.625	0.509	0.783	0.478
334	0.531	0.445	0.622	0.51	0.774	0.476
334.5	0.524	0.441	0.618	0.511	0.764	0.471
335	0.518	0.435	0.614	0.512	0.753	0.469
335.5	0.513	0.43	0.61	0.512	0.742	0.469
336	0.507	0.423	0.607	0.512	0.732	0.469
336.5	0.501	0.417	0.604	0.512	0.723	0.464
337	0.495	0.412	0.601	0.512	0.713	0.455
337.5	0.489	0.407	0.596	0.511	0.704	0.449
338	0.482	0.402	0.591	0.511	0.694	0.449
338.5	0.476	0.397	0.586	0.51	0.6840000000000001	0.447
339	0.468	0.392	0.58	0.51	0.673	0.44
339.5	0.461	0.388	0.574	0.509	0.662	0.443
340	0.453	0.384	0.5679999999999999	0.507	0.65	0.46
340.5	0.444	0.377	0.5629999999999999	0.506	0.638	0.463
341	0.434	0.367	0.5580000000000001	0.51	0.626	0.445
341.5	0.424	0.354	0.555	0.516	0.612	0.426
342	0.419	0.343	0.553	0.521	0.597	0.425
342.5	0.418	0.337	0.551	0.52	0.583	0.443
343	0.418	0.334	0.548	0.517	0.57	0.453
343.5	0.412	0.334	0.542	0.513	0.556	0.437
344	0.399	0.333	0.536	0.51	0.541	0.427
344.5	0.382	0.329	0.531	0.511	0.527	0.431
345	0.368	0.321	0.526	0.513	0.516	0.427
345.5	0.361	0.312	0.521	0.514	0.509	0.421
346	0.362	0.305	0.514	0.51	0.502	0.422
346.5	0.364	0.302	0.507	0.503	0.493	0.415
347	0.362	0.299	0.5	0.499	0.482	0.407
347.5	0.355	0.294	0.494	0.502	0.473	0.403
348	0.347	0.289	0.491	0.509	0.464	0.394
348.5	0.34	0.284	0.49	0.517	0.455	0.382
349	0.335	0.28	0.488	0.524	0.443	0.375
349.5	0.327	0.274	0.484	0.527	0.429	0.373
350	0.318	0.265	0.478	0.528	0.418	0.373
350.5	0.31	0.256	0.469	0.527	0.408	0.372
351	0.303	0.249	0.463	0.525	0.399	0.372
351.5	0.296	0.246	0.46	0.524	0.389	0.373
352	0.29	0.243	0.461	0.523	0.38	0.365
352.5	0.286	0.239	0.46	0.522	0.371	0.351
353	0.283	0.235	0.457	0.521	0.36	0.345
353.5	0.28	0.23	0.451	0.521	0.346	0.346
354	0.273	0.227	0.445	0.52	0.332	0.343
354.5	0.264	0.222	0.441	0.515	0.321	0.336
355	0.254	0.215	0.441	0.509	0.315	0.335
355.5	0.246	0.208	0.443	0.503	0.31	0.33
356	0.241	0.203	0.443	0.502	0.305	0.316
356.5	0.239	0.199	0.439	0.506	0.3	0.315
357	0.238	0.197	0.434	0.51	0.297	0.327
357.5	0.236	0.196	0.428	0.512	0.293	0.322
358	0.231	0.194	0.423	0.511	0.285	0.3
358.5	0.223	0.191	0.418	0.51	0.272	0.297
359	0.216	0.185	0.415	0.512	0.258	0.305
359.5	0.21	0.179	0.415	0.514	0.247	0.3
360	0.207	0.171	0.417	0.514	0.242	0.293
360.5	0.204	0.164	0.416	0.511	0.238	0.291
361	0.202	0.16	0.411	0.507	0.234	0.286
361.5	0.201	0.161	0.404	0.502	0.228	0.283
362	0.203	0.165	0.397	0.498	0.22	0.283
362.5	0.202	0.167	0.393	0.496	0.212	0.277
363	0.197	0.166	0.391	0.495	0.206	0.269
363.5	0.188	0.16	0.391	0.494	0.203	0.269
364	0.18	0.154	0.391	0.495	0.204	0.273
364.5	0.177	0.149	0.39	0.498	0.206	0.267
365	0.177	0.147	0.388	0.504	0.205	0.257
365.5	0.179	0.147	0.383	0.512	0.199	0.258
366	0.178	0.145	0.375	0.515	0.189	0.262
366.5	0.175	0.142	0.367	0.511	0.181	0.253
367	0.172	0.137	0.361	0.506	0.176	0.242
367.5	0.171	0.133	0.361	0.506	0.172	0.244
368	0.17	0.128	0.364	0.512	0.166	0.251
368.5	0.165	0.122	0.367	0.517	0.159	0.25
369	0.158	0.115	0.368	0.513	0.153	0.244
369.5	0.153	0.11	0.368	0.5	0.15	0.244
370	0.153	0.109	0.368	0.486	0.151	0.244
370.5	0.155	0.111	0.367	0.481	0.155	0.236
371	0.155	0.113	0.36	0.484	0.159	0.227
371.5	0.151	0.113	0.348	0.487	0.162	0.227
372	0.145	0.108	0.336	0.484	0.164	0.223
372.5	0.142	0.097	0.333	0.475	0.163	0.207
373	0.145	0.083	0.339	0.468	0.157	0.196
373.5	0.151	0.074	0.349	0.468	0.142	0.184
374	0.155	0.077	0.356	0.474	0.127	0.162
374.5	0.154	0.089	0.359	0.479	0.119	0.172
375	0.148	0.101	0.359	0.48	0.122	0.202
375.5	0.142	0.106	0.358	0.478	0.131	0.194
376	0.14	0.104	0.353	0.472	0.137	0.173
376.5	0.145	0.102	0.344	0.466	0.133	0.183
377	0.153	0.103	0.336	0.462	0.124	0.185
377.5	0.155	0.105	0.328	0.46	0.116	0.173
378	0.146	0.104	0.321	0.459	0.115	0.176
378.5	0.135	0.099	0.314	0.455	0.116	0.175
379	0.127	0.094	0.307	0.449	0.114	0.157
379.5	0.127	0.09	0.301	0.443	0.112	0.139
380	0.128	0.08699999999999999	0.301	0.442	0.111	0.139
380.5	0.126	0.083	0.304	0.441	0.113	0.164
381	0.121	0.082	0.31	0.437	0.113	0.18
381.5	0.116	0.082	0.314	0.427	0.113	0.173
382	0.113	0.083	0.314	0.419	0.114	0.167
382.5	0.114	0.082	0.313	0.419	0.12	0.162
383	0.117	0.082	0.312	0.426	0.13	0.15
383.5	0.117	0.083	0.31	0.436	0.135	0.142
384	0.115	0.081	0.305	0.439	0.129	0.147
384.5	0.109	0.074	0.295	0.431	0.116	0.149
385	0.103	0.066	0.287	0.418	0.105	0.147
385.5	0.098	0.064	0.283	0.406	0.101	0.162
386	0.097	0.06900000000000001	0.285	0.4	0.102	0.16
386.5	0.102	0.075	0.288	0.394	0.1	0.146
387	0.111	0.079	0.288	0.388	0.096	0.152
387.5	0.118	0.079	0.282	0.386	0.093	0.143
388	0.115	0.077	0.274	0.388	0.09	0.119
388.5	0.104	0.079	0.266	0.388	0.08599999999999999	0.126
389	0.091	0.083	0.259	0.383	0.079	0.155
389.5	0.082	0.08500000000000001	0.253	0.371	0.073	0.173
390	0.079	0.08	0.249	0.359	0.075	0.171
390.5	0.08400000000000001	0.07199999999999999	0.249	0.349	0.081	0.155
391	0.097	0.067	0.254	0.345	0.08799999999999999	0.138
391.5	0.111	0.068	0.26	0.345	0.092	0.131
392	0.119	0.07000000000000001	0.262	0.345	0.097	0.137
392.5	0.117	0.07199999999999999	0.257	0.344	0.102	0.146
393	0.107	0.07000000000000001	0.248	0.342	0.102	0.144
393.5	0.099	0.067	0.24	0.34	0.096	0.144
394	0.098	0.065	0.238	0.339	0.09	0.16
394.5	0.101	0.066	0.238	0.338	0.08699999999999999	0.165
395	0.102	0.067	0.239	0.333	0.08799999999999999	0.147
395.5	0.099	0.066	0.237	0.325	0.091	0.134
396	0.099	0.06	0.234	0.317	0.095	0.129
396.5	0.104	0.056	0.231	0.309	0.098	0.112
397	0.109	0.059	0.229	0.301	0.097	0.111
397.5	0.108	0.067	0.226	0.297	0.093	0.128
398	0.1	0.075	0.221	0.296	0.08799999999999999	0.133
398.5	0.092	0.076	0.217	0.299	0.08400000000000001	0.13
399	0.091	0.07099999999999999	0.215	0.3	0.08	0.115
399.5	0.095	0.065	0.211	0.297	0.075	0.094
400	0.098	0.062	0.205	0.286	0.07000000000000001	0.097
